{
 "cells": [
  {
   "cell_type": "markdown",
   "metadata": {},
   "source": [
    "## Ordenar valores por columna"
   ]
  },
  {
   "cell_type": "code",
   "execution_count": 14,
   "metadata": {},
   "outputs": [],
   "source": [
    "# liberias\n",
    "import pandas as pd\n",
    "import numpy as np"
   ]
  },
  {
   "cell_type": "code",
   "execution_count": 6,
   "metadata": {},
   "outputs": [],
   "source": [
    "#cargar datos\n",
    "df = pd.read_csv('./data/DatosYT.csv')"
   ]
  },
  {
   "cell_type": "code",
   "execution_count": 7,
   "metadata": {},
   "outputs": [
    {
     "data": {
      "text/html": [
       "<div>\n",
       "<style scoped>\n",
       "    .dataframe tbody tr th:only-of-type {\n",
       "        vertical-align: middle;\n",
       "    }\n",
       "\n",
       "    .dataframe tbody tr th {\n",
       "        vertical-align: top;\n",
       "    }\n",
       "\n",
       "    .dataframe thead th {\n",
       "        text-align: right;\n",
       "    }\n",
       "</style>\n",
       "<table border=\"1\" class=\"dataframe\">\n",
       "  <thead>\n",
       "    <tr style=\"text-align: right;\">\n",
       "      <th></th>\n",
       "      <th>id</th>\n",
       "      <th>type</th>\n",
       "      <th>xs</th>\n",
       "      <th>ys</th>\n",
       "      <th>zs</th>\n",
       "    </tr>\n",
       "  </thead>\n",
       "  <tbody>\n",
       "    <tr>\n",
       "      <th>0</th>\n",
       "      <td>500</td>\n",
       "      <td>1</td>\n",
       "      <td>0.413068</td>\n",
       "      <td>0.247238</td>\n",
       "      <td>0.139937</td>\n",
       "    </tr>\n",
       "    <tr>\n",
       "      <th>1</th>\n",
       "      <td>384</td>\n",
       "      <td>1</td>\n",
       "      <td>0.509008</td>\n",
       "      <td>0.225649</td>\n",
       "      <td>0.113632</td>\n",
       "    </tr>\n",
       "    <tr>\n",
       "      <th>2</th>\n",
       "      <td>391</td>\n",
       "      <td>1</td>\n",
       "      <td>0.596777</td>\n",
       "      <td>0.212693</td>\n",
       "      <td>0.082769</td>\n",
       "    </tr>\n",
       "    <tr>\n",
       "      <th>3</th>\n",
       "      <td>91</td>\n",
       "      <td>1</td>\n",
       "      <td>0.554459</td>\n",
       "      <td>0.155958</td>\n",
       "      <td>0.152680</td>\n",
       "    </tr>\n",
       "    <tr>\n",
       "      <th>4</th>\n",
       "      <td>396</td>\n",
       "      <td>1</td>\n",
       "      <td>0.678003</td>\n",
       "      <td>0.227263</td>\n",
       "      <td>0.134453</td>\n",
       "    </tr>\n",
       "  </tbody>\n",
       "</table>\n",
       "</div>"
      ],
      "text/plain": [
       "    id  type        xs        ys        zs\n",
       "0  500     1  0.413068  0.247238  0.139937\n",
       "1  384     1  0.509008  0.225649  0.113632\n",
       "2  391     1  0.596777  0.212693  0.082769\n",
       "3   91     1  0.554459  0.155958  0.152680\n",
       "4  396     1  0.678003  0.227263  0.134453"
      ]
     },
     "execution_count": 7,
     "metadata": {},
     "output_type": "execute_result"
    }
   ],
   "source": [
    "df.head()"
   ]
  },
  {
   "cell_type": "code",
   "execution_count": 9,
   "metadata": {},
   "outputs": [
    {
     "data": {
      "text/plain": [
       "id        int64\n",
       "type      int64\n",
       "xs      float64\n",
       "ys      float64\n",
       "zs      float64\n",
       "dtype: object"
      ]
     },
     "execution_count": 9,
     "metadata": {},
     "output_type": "execute_result"
    }
   ],
   "source": [
    "# tipos de datos\n",
    "df.dtypes"
   ]
  },
  {
   "cell_type": "markdown",
   "metadata": {},
   "source": [
    "### Ordenar valores segun una columna"
   ]
  },
  {
   "cell_type": "code",
   "execution_count": 12,
   "metadata": {},
   "outputs": [
    {
     "data": {
      "text/html": [
       "<div>\n",
       "<style scoped>\n",
       "    .dataframe tbody tr th:only-of-type {\n",
       "        vertical-align: middle;\n",
       "    }\n",
       "\n",
       "    .dataframe tbody tr th {\n",
       "        vertical-align: top;\n",
       "    }\n",
       "\n",
       "    .dataframe thead th {\n",
       "        text-align: right;\n",
       "    }\n",
       "</style>\n",
       "<table border=\"1\" class=\"dataframe\">\n",
       "  <thead>\n",
       "    <tr style=\"text-align: right;\">\n",
       "      <th></th>\n",
       "      <th>id</th>\n",
       "      <th>type</th>\n",
       "      <th>xs</th>\n",
       "      <th>ys</th>\n",
       "      <th>zs</th>\n",
       "    </tr>\n",
       "  </thead>\n",
       "  <tbody>\n",
       "    <tr>\n",
       "      <th>3</th>\n",
       "      <td>91</td>\n",
       "      <td>1</td>\n",
       "      <td>0.554459</td>\n",
       "      <td>0.155958</td>\n",
       "      <td>0.152680</td>\n",
       "    </tr>\n",
       "    <tr>\n",
       "      <th>14</th>\n",
       "      <td>108</td>\n",
       "      <td>1</td>\n",
       "      <td>0.618594</td>\n",
       "      <td>0.298632</td>\n",
       "      <td>0.091062</td>\n",
       "    </tr>\n",
       "    <tr>\n",
       "      <th>13</th>\n",
       "      <td>137</td>\n",
       "      <td>1</td>\n",
       "      <td>0.573823</td>\n",
       "      <td>0.364810</td>\n",
       "      <td>0.043554</td>\n",
       "    </tr>\n",
       "    <tr>\n",
       "      <th>5</th>\n",
       "      <td>183</td>\n",
       "      <td>1</td>\n",
       "      <td>0.263006</td>\n",
       "      <td>0.326260</td>\n",
       "      <td>0.129268</td>\n",
       "    </tr>\n",
       "    <tr>\n",
       "      <th>16</th>\n",
       "      <td>189</td>\n",
       "      <td>1</td>\n",
       "      <td>0.155960</td>\n",
       "      <td>0.453291</td>\n",
       "      <td>0.147866</td>\n",
       "    </tr>\n",
       "    <tr>\n",
       "      <th>6</th>\n",
       "      <td>199</td>\n",
       "      <td>1</td>\n",
       "      <td>0.355738</td>\n",
       "      <td>0.315005</td>\n",
       "      <td>0.096178</td>\n",
       "    </tr>\n",
       "    <tr>\n",
       "      <th>1</th>\n",
       "      <td>384</td>\n",
       "      <td>1</td>\n",
       "      <td>0.509008</td>\n",
       "      <td>0.225649</td>\n",
       "      <td>0.113632</td>\n",
       "    </tr>\n",
       "    <tr>\n",
       "      <th>2</th>\n",
       "      <td>391</td>\n",
       "      <td>1</td>\n",
       "      <td>0.596777</td>\n",
       "      <td>0.212693</td>\n",
       "      <td>0.082769</td>\n",
       "    </tr>\n",
       "    <tr>\n",
       "      <th>4</th>\n",
       "      <td>396</td>\n",
       "      <td>1</td>\n",
       "      <td>0.678003</td>\n",
       "      <td>0.227263</td>\n",
       "      <td>0.134453</td>\n",
       "    </tr>\n",
       "    <tr>\n",
       "      <th>0</th>\n",
       "      <td>500</td>\n",
       "      <td>1</td>\n",
       "      <td>0.413068</td>\n",
       "      <td>0.247238</td>\n",
       "      <td>0.139937</td>\n",
       "    </tr>\n",
       "    <tr>\n",
       "      <th>8</th>\n",
       "      <td>563</td>\n",
       "      <td>1</td>\n",
       "      <td>0.449962</td>\n",
       "      <td>0.296985</td>\n",
       "      <td>0.070094</td>\n",
       "    </tr>\n",
       "    <tr>\n",
       "      <th>15</th>\n",
       "      <td>566</td>\n",
       "      <td>1</td>\n",
       "      <td>0.700857</td>\n",
       "      <td>0.316037</td>\n",
       "      <td>0.147745</td>\n",
       "    </tr>\n",
       "    <tr>\n",
       "      <th>7</th>\n",
       "      <td>572</td>\n",
       "      <td>1</td>\n",
       "      <td>0.398526</td>\n",
       "      <td>0.368158</td>\n",
       "      <td>0.029198</td>\n",
       "    </tr>\n",
       "    <tr>\n",
       "      <th>10</th>\n",
       "      <td>612</td>\n",
       "      <td>1</td>\n",
       "      <td>0.486912</td>\n",
       "      <td>0.343823</td>\n",
       "      <td>0.000880</td>\n",
       "    </tr>\n",
       "    <tr>\n",
       "      <th>9</th>\n",
       "      <td>710</td>\n",
       "      <td>1</td>\n",
       "      <td>0.431955</td>\n",
       "      <td>0.334981</td>\n",
       "      <td>0.152336</td>\n",
       "    </tr>\n",
       "    <tr>\n",
       "      <th>12</th>\n",
       "      <td>737</td>\n",
       "      <td>1</td>\n",
       "      <td>0.529449</td>\n",
       "      <td>0.313131</td>\n",
       "      <td>0.123254</td>\n",
       "    </tr>\n",
       "    <tr>\n",
       "      <th>11</th>\n",
       "      <td>754</td>\n",
       "      <td>1</td>\n",
       "      <td>0.541953</td>\n",
       "      <td>0.275987</td>\n",
       "      <td>0.035143</td>\n",
       "    </tr>\n",
       "  </tbody>\n",
       "</table>\n",
       "</div>"
      ],
      "text/plain": [
       "     id  type        xs        ys        zs\n",
       "3    91     1  0.554459  0.155958  0.152680\n",
       "14  108     1  0.618594  0.298632  0.091062\n",
       "13  137     1  0.573823  0.364810  0.043554\n",
       "5   183     1  0.263006  0.326260  0.129268\n",
       "16  189     1  0.155960  0.453291  0.147866\n",
       "6   199     1  0.355738  0.315005  0.096178\n",
       "1   384     1  0.509008  0.225649  0.113632\n",
       "2   391     1  0.596777  0.212693  0.082769\n",
       "4   396     1  0.678003  0.227263  0.134453\n",
       "0   500     1  0.413068  0.247238  0.139937\n",
       "8   563     1  0.449962  0.296985  0.070094\n",
       "15  566     1  0.700857  0.316037  0.147745\n",
       "7   572     1  0.398526  0.368158  0.029198\n",
       "10  612     1  0.486912  0.343823  0.000880\n",
       "9   710     1  0.431955  0.334981  0.152336\n",
       "12  737     1  0.529449  0.313131  0.123254\n",
       "11  754     1  0.541953  0.275987  0.035143"
      ]
     },
     "execution_count": 12,
     "metadata": {},
     "output_type": "execute_result"
    }
   ],
   "source": [
    "df.sort_values(by=['id'], ascending=True) # ordena valores de menor a mayor "
   ]
  },
  {
   "cell_type": "code",
   "execution_count": 13,
   "metadata": {},
   "outputs": [
    {
     "data": {
      "text/html": [
       "<div>\n",
       "<style scoped>\n",
       "    .dataframe tbody tr th:only-of-type {\n",
       "        vertical-align: middle;\n",
       "    }\n",
       "\n",
       "    .dataframe tbody tr th {\n",
       "        vertical-align: top;\n",
       "    }\n",
       "\n",
       "    .dataframe thead th {\n",
       "        text-align: right;\n",
       "    }\n",
       "</style>\n",
       "<table border=\"1\" class=\"dataframe\">\n",
       "  <thead>\n",
       "    <tr style=\"text-align: right;\">\n",
       "      <th></th>\n",
       "      <th>id</th>\n",
       "      <th>type</th>\n",
       "      <th>xs</th>\n",
       "      <th>ys</th>\n",
       "      <th>zs</th>\n",
       "    </tr>\n",
       "  </thead>\n",
       "  <tbody>\n",
       "    <tr>\n",
       "      <th>15</th>\n",
       "      <td>566</td>\n",
       "      <td>1</td>\n",
       "      <td>0.700857</td>\n",
       "      <td>0.316037</td>\n",
       "      <td>0.147745</td>\n",
       "    </tr>\n",
       "    <tr>\n",
       "      <th>4</th>\n",
       "      <td>396</td>\n",
       "      <td>1</td>\n",
       "      <td>0.678003</td>\n",
       "      <td>0.227263</td>\n",
       "      <td>0.134453</td>\n",
       "    </tr>\n",
       "    <tr>\n",
       "      <th>14</th>\n",
       "      <td>108</td>\n",
       "      <td>1</td>\n",
       "      <td>0.618594</td>\n",
       "      <td>0.298632</td>\n",
       "      <td>0.091062</td>\n",
       "    </tr>\n",
       "    <tr>\n",
       "      <th>2</th>\n",
       "      <td>391</td>\n",
       "      <td>1</td>\n",
       "      <td>0.596777</td>\n",
       "      <td>0.212693</td>\n",
       "      <td>0.082769</td>\n",
       "    </tr>\n",
       "    <tr>\n",
       "      <th>13</th>\n",
       "      <td>137</td>\n",
       "      <td>1</td>\n",
       "      <td>0.573823</td>\n",
       "      <td>0.364810</td>\n",
       "      <td>0.043554</td>\n",
       "    </tr>\n",
       "    <tr>\n",
       "      <th>3</th>\n",
       "      <td>91</td>\n",
       "      <td>1</td>\n",
       "      <td>0.554459</td>\n",
       "      <td>0.155958</td>\n",
       "      <td>0.152680</td>\n",
       "    </tr>\n",
       "    <tr>\n",
       "      <th>11</th>\n",
       "      <td>754</td>\n",
       "      <td>1</td>\n",
       "      <td>0.541953</td>\n",
       "      <td>0.275987</td>\n",
       "      <td>0.035143</td>\n",
       "    </tr>\n",
       "    <tr>\n",
       "      <th>12</th>\n",
       "      <td>737</td>\n",
       "      <td>1</td>\n",
       "      <td>0.529449</td>\n",
       "      <td>0.313131</td>\n",
       "      <td>0.123254</td>\n",
       "    </tr>\n",
       "    <tr>\n",
       "      <th>1</th>\n",
       "      <td>384</td>\n",
       "      <td>1</td>\n",
       "      <td>0.509008</td>\n",
       "      <td>0.225649</td>\n",
       "      <td>0.113632</td>\n",
       "    </tr>\n",
       "    <tr>\n",
       "      <th>10</th>\n",
       "      <td>612</td>\n",
       "      <td>1</td>\n",
       "      <td>0.486912</td>\n",
       "      <td>0.343823</td>\n",
       "      <td>0.000880</td>\n",
       "    </tr>\n",
       "    <tr>\n",
       "      <th>8</th>\n",
       "      <td>563</td>\n",
       "      <td>1</td>\n",
       "      <td>0.449962</td>\n",
       "      <td>0.296985</td>\n",
       "      <td>0.070094</td>\n",
       "    </tr>\n",
       "    <tr>\n",
       "      <th>9</th>\n",
       "      <td>710</td>\n",
       "      <td>1</td>\n",
       "      <td>0.431955</td>\n",
       "      <td>0.334981</td>\n",
       "      <td>0.152336</td>\n",
       "    </tr>\n",
       "    <tr>\n",
       "      <th>0</th>\n",
       "      <td>500</td>\n",
       "      <td>1</td>\n",
       "      <td>0.413068</td>\n",
       "      <td>0.247238</td>\n",
       "      <td>0.139937</td>\n",
       "    </tr>\n",
       "    <tr>\n",
       "      <th>7</th>\n",
       "      <td>572</td>\n",
       "      <td>1</td>\n",
       "      <td>0.398526</td>\n",
       "      <td>0.368158</td>\n",
       "      <td>0.029198</td>\n",
       "    </tr>\n",
       "    <tr>\n",
       "      <th>6</th>\n",
       "      <td>199</td>\n",
       "      <td>1</td>\n",
       "      <td>0.355738</td>\n",
       "      <td>0.315005</td>\n",
       "      <td>0.096178</td>\n",
       "    </tr>\n",
       "    <tr>\n",
       "      <th>5</th>\n",
       "      <td>183</td>\n",
       "      <td>1</td>\n",
       "      <td>0.263006</td>\n",
       "      <td>0.326260</td>\n",
       "      <td>0.129268</td>\n",
       "    </tr>\n",
       "    <tr>\n",
       "      <th>16</th>\n",
       "      <td>189</td>\n",
       "      <td>1</td>\n",
       "      <td>0.155960</td>\n",
       "      <td>0.453291</td>\n",
       "      <td>0.147866</td>\n",
       "    </tr>\n",
       "  </tbody>\n",
       "</table>\n",
       "</div>"
      ],
      "text/plain": [
       "     id  type        xs        ys        zs\n",
       "15  566     1  0.700857  0.316037  0.147745\n",
       "4   396     1  0.678003  0.227263  0.134453\n",
       "14  108     1  0.618594  0.298632  0.091062\n",
       "2   391     1  0.596777  0.212693  0.082769\n",
       "13  137     1  0.573823  0.364810  0.043554\n",
       "3    91     1  0.554459  0.155958  0.152680\n",
       "11  754     1  0.541953  0.275987  0.035143\n",
       "12  737     1  0.529449  0.313131  0.123254\n",
       "1   384     1  0.509008  0.225649  0.113632\n",
       "10  612     1  0.486912  0.343823  0.000880\n",
       "8   563     1  0.449962  0.296985  0.070094\n",
       "9   710     1  0.431955  0.334981  0.152336\n",
       "0   500     1  0.413068  0.247238  0.139937\n",
       "7   572     1  0.398526  0.368158  0.029198\n",
       "6   199     1  0.355738  0.315005  0.096178\n",
       "5   183     1  0.263006  0.326260  0.129268\n",
       "16  189     1  0.155960  0.453291  0.147866"
      ]
     },
     "execution_count": 13,
     "metadata": {},
     "output_type": "execute_result"
    }
   ],
   "source": [
    "df.sort_values(by=['xs'], ascending=False) # ordena valores de mayor a menor"
   ]
  },
  {
   "cell_type": "markdown",
   "metadata": {},
   "source": [
    "### Ordenar todas las columnas"
   ]
  },
  {
   "cell_type": "code",
   "execution_count": 18,
   "metadata": {},
   "outputs": [
    {
     "data": {
      "text/html": [
       "<div>\n",
       "<style scoped>\n",
       "    .dataframe tbody tr th:only-of-type {\n",
       "        vertical-align: middle;\n",
       "    }\n",
       "\n",
       "    .dataframe tbody tr th {\n",
       "        vertical-align: top;\n",
       "    }\n",
       "\n",
       "    .dataframe thead th {\n",
       "        text-align: right;\n",
       "    }\n",
       "</style>\n",
       "<table border=\"1\" class=\"dataframe\">\n",
       "  <thead>\n",
       "    <tr style=\"text-align: right;\">\n",
       "      <th></th>\n",
       "      <th>id</th>\n",
       "      <th>type</th>\n",
       "      <th>xs</th>\n",
       "      <th>ys</th>\n",
       "      <th>zs</th>\n",
       "    </tr>\n",
       "  </thead>\n",
       "  <tbody>\n",
       "    <tr>\n",
       "      <th>0</th>\n",
       "      <td>91.0</td>\n",
       "      <td>1.0</td>\n",
       "      <td>0.155960</td>\n",
       "      <td>0.155958</td>\n",
       "      <td>0.000880</td>\n",
       "    </tr>\n",
       "    <tr>\n",
       "      <th>1</th>\n",
       "      <td>108.0</td>\n",
       "      <td>1.0</td>\n",
       "      <td>0.263006</td>\n",
       "      <td>0.212693</td>\n",
       "      <td>0.029198</td>\n",
       "    </tr>\n",
       "    <tr>\n",
       "      <th>2</th>\n",
       "      <td>137.0</td>\n",
       "      <td>1.0</td>\n",
       "      <td>0.355738</td>\n",
       "      <td>0.225649</td>\n",
       "      <td>0.035143</td>\n",
       "    </tr>\n",
       "    <tr>\n",
       "      <th>3</th>\n",
       "      <td>183.0</td>\n",
       "      <td>1.0</td>\n",
       "      <td>0.398526</td>\n",
       "      <td>0.227263</td>\n",
       "      <td>0.043554</td>\n",
       "    </tr>\n",
       "    <tr>\n",
       "      <th>4</th>\n",
       "      <td>189.0</td>\n",
       "      <td>1.0</td>\n",
       "      <td>0.413068</td>\n",
       "      <td>0.247238</td>\n",
       "      <td>0.070094</td>\n",
       "    </tr>\n",
       "    <tr>\n",
       "      <th>5</th>\n",
       "      <td>199.0</td>\n",
       "      <td>1.0</td>\n",
       "      <td>0.431955</td>\n",
       "      <td>0.275987</td>\n",
       "      <td>0.082769</td>\n",
       "    </tr>\n",
       "    <tr>\n",
       "      <th>6</th>\n",
       "      <td>384.0</td>\n",
       "      <td>1.0</td>\n",
       "      <td>0.449962</td>\n",
       "      <td>0.296985</td>\n",
       "      <td>0.091062</td>\n",
       "    </tr>\n",
       "    <tr>\n",
       "      <th>7</th>\n",
       "      <td>391.0</td>\n",
       "      <td>1.0</td>\n",
       "      <td>0.486912</td>\n",
       "      <td>0.298632</td>\n",
       "      <td>0.096178</td>\n",
       "    </tr>\n",
       "    <tr>\n",
       "      <th>8</th>\n",
       "      <td>396.0</td>\n",
       "      <td>1.0</td>\n",
       "      <td>0.509008</td>\n",
       "      <td>0.313131</td>\n",
       "      <td>0.113632</td>\n",
       "    </tr>\n",
       "    <tr>\n",
       "      <th>9</th>\n",
       "      <td>500.0</td>\n",
       "      <td>1.0</td>\n",
       "      <td>0.529449</td>\n",
       "      <td>0.315005</td>\n",
       "      <td>0.123254</td>\n",
       "    </tr>\n",
       "    <tr>\n",
       "      <th>10</th>\n",
       "      <td>563.0</td>\n",
       "      <td>1.0</td>\n",
       "      <td>0.541953</td>\n",
       "      <td>0.316037</td>\n",
       "      <td>0.129268</td>\n",
       "    </tr>\n",
       "    <tr>\n",
       "      <th>11</th>\n",
       "      <td>566.0</td>\n",
       "      <td>1.0</td>\n",
       "      <td>0.554459</td>\n",
       "      <td>0.326260</td>\n",
       "      <td>0.134453</td>\n",
       "    </tr>\n",
       "    <tr>\n",
       "      <th>12</th>\n",
       "      <td>572.0</td>\n",
       "      <td>1.0</td>\n",
       "      <td>0.573823</td>\n",
       "      <td>0.334981</td>\n",
       "      <td>0.139937</td>\n",
       "    </tr>\n",
       "    <tr>\n",
       "      <th>13</th>\n",
       "      <td>612.0</td>\n",
       "      <td>1.0</td>\n",
       "      <td>0.596777</td>\n",
       "      <td>0.343823</td>\n",
       "      <td>0.147745</td>\n",
       "    </tr>\n",
       "    <tr>\n",
       "      <th>14</th>\n",
       "      <td>710.0</td>\n",
       "      <td>1.0</td>\n",
       "      <td>0.618594</td>\n",
       "      <td>0.364810</td>\n",
       "      <td>0.147866</td>\n",
       "    </tr>\n",
       "    <tr>\n",
       "      <th>15</th>\n",
       "      <td>737.0</td>\n",
       "      <td>1.0</td>\n",
       "      <td>0.678003</td>\n",
       "      <td>0.368158</td>\n",
       "      <td>0.152336</td>\n",
       "    </tr>\n",
       "    <tr>\n",
       "      <th>16</th>\n",
       "      <td>754.0</td>\n",
       "      <td>1.0</td>\n",
       "      <td>0.700857</td>\n",
       "      <td>0.453291</td>\n",
       "      <td>0.152680</td>\n",
       "    </tr>\n",
       "  </tbody>\n",
       "</table>\n",
       "</div>"
      ],
      "text/plain": [
       "       id  type        xs        ys        zs\n",
       "0    91.0   1.0  0.155960  0.155958  0.000880\n",
       "1   108.0   1.0  0.263006  0.212693  0.029198\n",
       "2   137.0   1.0  0.355738  0.225649  0.035143\n",
       "3   183.0   1.0  0.398526  0.227263  0.043554\n",
       "4   189.0   1.0  0.413068  0.247238  0.070094\n",
       "5   199.0   1.0  0.431955  0.275987  0.082769\n",
       "6   384.0   1.0  0.449962  0.296985  0.091062\n",
       "7   391.0   1.0  0.486912  0.298632  0.096178\n",
       "8   396.0   1.0  0.509008  0.313131  0.113632\n",
       "9   500.0   1.0  0.529449  0.315005  0.123254\n",
       "10  563.0   1.0  0.541953  0.316037  0.129268\n",
       "11  566.0   1.0  0.554459  0.326260  0.134453\n",
       "12  572.0   1.0  0.573823  0.334981  0.139937\n",
       "13  612.0   1.0  0.596777  0.343823  0.147745\n",
       "14  710.0   1.0  0.618594  0.364810  0.147866\n",
       "15  737.0   1.0  0.678003  0.368158  0.152336\n",
       "16  754.0   1.0  0.700857  0.453291  0.152680"
      ]
     },
     "execution_count": 18,
     "metadata": {},
     "output_type": "execute_result"
    }
   ],
   "source": [
    "# ordena las columnas de manera independiente a las demas\n",
    "df_1 = pd.DataFrame(np.sort(df.values, axis=0),\n",
    "                    index=df.index, \n",
    "                    columns=df.columns)\n",
    "df_1"
   ]
  }
 ],
 "metadata": {
  "kernelspec": {
   "display_name": "Python 3.10.4 ('data')",
   "language": "python",
   "name": "python3"
  },
  "language_info": {
   "codemirror_mode": {
    "name": "ipython",
    "version": 3
   },
   "file_extension": ".py",
   "mimetype": "text/x-python",
   "name": "python",
   "nbconvert_exporter": "python",
   "pygments_lexer": "ipython3",
   "version": "3.10.4"
  },
  "orig_nbformat": 4,
  "vscode": {
   "interpreter": {
    "hash": "8700f991acee7685058f9a56c7736eced6bd630c9083b6b688b4e6e79ecaa63b"
   }
  }
 },
 "nbformat": 4,
 "nbformat_minor": 2
}
